   243.2    67.0       1
   254.5    70.1       1
   253.1    59.3       1
   228.1    70.4       1
   240.8    69.5       1
   244.0    69.0       1
   257.9    66.3       1
   255.8    68.3       1
   249.9    63.5       1
   251.3    70.3       1
   244.4    66.0       1
   246.6    70.1       1
   239.2    68.6       1
   236.2    56.9       1
   267.7    67.2       1
   235.3    75.5       1
   249.1    64.2       1
   239.4    65.8       1
   244.2    65.6       1
   259.7    68.5       1
   268.5    54.2       1
   248.2    68.4       1
   247.2    71.8       1
   236.8    67.8       1
   238.2    65.3       1
   229.3    73.1       1
   253.1    65.1       1
   252.0    70.8       1
   259.4    65.4       1
   226.7    72.1       1
   254.6    66.9       1
   249.0    74.0       1
   244.8    69.9       1
   246.3    70.2       1
   248.2    60.4       1
   237.4    73.6       1
   245.4    69.3       1
   245.2    73.5       1
   243.8    75.5       1
   251.2    64.5       1
   255.9    71.7       1
   235.3    69.5       1
   258.1    58.3       1
   242.5    69.4       1
   244.3    71.0       1
   251.0    67.5       1
   263.6    68.3       1
   246.3    69.3       1
   254.3    62.4       1
   242.6    64.7       1
   246.9    67.7       1
   243.3    68.4       1
   243.5    70.2       1
   236.6    73.8       1
   239.4    75.8       1
   249.3    70.4       1
   253.6    64.3       1
   268.0    60.9       1
   246.1    74.9       1
   246.1    72.8       1
   253.9    71.3       1
   248.8    60.5       1
   246.7    68.6       1
   246.5    71.2       1
   250.2    66.6       1
   248.4    59.4       1
   252.0    63.1       1
   238.7    70.7       1
   261.5    68.4       1
   261.1    61.0       1
   232.1    66.7       1
   257.2    60.8       1
   243.0    57.9       1
   242.7    64.9       1
   249.7    70.9       1
   247.0    59.9       1
   233.7    77.7       1
   243.7    62.6       1
   244.0    73.5       1
   244.0    62.4       1
   252.8    50.3       1
   250.2    66.0       1
   237.8    74.6       1
   224.8    72.6       1
   253.7    55.6       1
   242.6    73.9       1
   261.5    62.7       1
   235.4    58.4       1
   242.3    62.6       1
   269.5    66.0       1
   248.1    65.3       1
   244.9    72.4       1
   240.9    73.1       1
   266.2    59.9       1
   254.2    64.8       1
   241.9    76.8       1
   237.4    79.8       1
   240.4    78.5       1
   238.1    71.7       1
   246.9    52.2       1
   237.8    73.0       1
   243.6    71.9       1
   242.1    73.3       1
   255.7    53.9       1
   249.5    65.8       1
   253.2    62.6       1
   247.9    68.8       1
   244.9    73.5       1
   256.9    62.1       1
   229.9    77.0       1
   248.1    63.1       1
   257.9    68.1       1
   232.7    71.2       1
   240.7    66.9       1
   245.7    71.5       1
   243.0    59.2       1
   257.9    65.6       1
   258.4    65.4       1
   239.9    61.9       1
   246.8    73.4       1
   250.8    70.2       1
   251.9    66.6       1
   238.6    68.6       1
   255.7    66.5       1
   242.4    70.4       1
   241.1    65.4       1
   251.4    61.3       1
   254.6    61.9       1
   232.8    75.6       1
   243.0    70.0       1
   261.2    67.0       1
   237.8    71.4       1
   255.3    70.8       1
   249.4    64.7       1
   239.6    62.7       1
   240.7    69.2       1
   247.6    70.3       1
   240.8    71.5       1
   243.0    78.8       1
   268.8    59.3       1
   250.2    65.7       1
   237.7    72.0       1
   254.8    67.6       1
   235.2    78.4       1
   265.8    66.9       1
   241.0    70.2       1
   256.4    66.4       1
   240.9    66.5       1
   225.1    78.2       1
   225.8    49.3       1
   231.1    70.4       1
   262.5    63.9       1
   250.4    68.4       1
   266.4    62.0       1
   242.6    70.0       1
   245.3    66.2       1
   230.6    78.8       1
   290.3    59.5       2
   302.1    54.7       2
   287.1    62.4       2
   282.7    65.4       2
   299.1    52.8       2
   300.2    51.1       2
   300.9    58.3       2
   279.5    73.9       2
   287.8    67.6       2
   284.7    67.2       2
   296.7    60.0       2
   283.3    59.4       2
   284.0    72.2       2
   292.0    62.1       2
   282.6    66.5       2
   287.9    60.9       2
   279.2    67.3       2
   291.7    64.8       2
   289.9    58.1       2
   289.8    61.7       2
   298.8    56.4       2
   280.8    60.5       2
   294.9    57.5       2
   287.5    61.8       2
   282.7    56.0       2
   277.7    72.5       2
   270.5    71.7       2
   285.2    66.0       2
   315.1    55.2       2
   281.9    67.6       2
   293.3    58.2       2
   286.0    59.9       2
   285.6    58.2       2
   289.9    65.7       2
   277.5    59.0       2
   293.6    56.8       2
   301.1    65.4       2
   300.8    63.4       2
   287.4    67.3       2
   281.8    72.6       2
   277.4    63.1       2
   279.1    66.5       2
   287.4    66.4       2
   280.9    62.3       2
   287.8    57.2       2
   261.4    69.2       2
   272.6    69.4       2
   291.3    65.3       2
   294.2    52.8       2
   285.5    49.0       2
   287.9    61.1       2
   282.2    65.6       2
   301.3    58.2       2
   276.2    61.7       2
   281.6    68.1       2
   275.5    61.2       2
   309.7    53.1       2
   287.7    56.4       2
   291.6    56.9       2
   284.1    65.0       2
   299.6    57.5       2
   282.7    60.0       2
   271.5    72.0       2
   292.1    58.2       2
   295.0    59.4       2
   274.9    69.0       2
   273.6    68.7       2
   299.9    60.1       2
   279.9    74.0       2
   289.9    66.0       2
   283.6    59.8       2
   310.3    52.4       2
   291.7    65.6       2
   284.2    63.2       2
   295.0    53.5       2
   298.6    55.1       2
   297.4    60.4       2
   299.7    67.7       2
   284.4    69.7       2
   286.4    72.4       2
   285.9    66.9       2
   297.6    54.3       2
   272.5    62.0       2
   277.0    66.2       2
   287.6    60.9       2
   280.4    69.4       2
   280.0    63.7       2
   295.4    52.8       2
   274.4    68.8       2
   286.5    73.1       2
   287.7    65.2       2
   291.5    65.9       2
   279.0    69.4       2
   299.0    65.2       2
   290.1    69.1       2
   288.9    67.9       2
   288.8    68.2       2
   283.2    61.0       2
   293.2    58.4       2
   285.3    67.3       2
   284.1    65.7       2
   281.4    67.7       2
   286.1    61.4       2
   284.9    62.3       2
   284.8    68.1       2
   296.0    62.0       2
   282.9    71.8       2
   280.9    67.8       2
   291.2    62.0       2
   292.8    62.2       2
   291.0    61.9       2
   285.7    62.4       2
   283.9    62.9       2
   298.4    61.5       2
   285.1    65.3       2
   286.1    60.1       2
   283.1    65.4       2
   289.4    58.3       2
   284.6    70.7       2
   296.6    62.3       2
   295.9    64.9       2
   295.2    62.8       2
   293.9    54.5       2
   275.0    65.5       2
   286.8    69.5       2
   291.1    64.4       2
   284.8    62.5       2
   283.7    59.5       2
   295.4    66.9       2
   291.8    62.7       2
   274.9    72.3       2
   302.9    61.2       2
   272.1    80.4       2
   274.9    74.9       2
   296.3    59.4       2
   286.2    58.8       2
   294.2    63.3       2
   284.1    66.5       2
   299.2    62.4       2
   275.4    71.0       2
   273.2    70.9       2
   281.6    65.9       2
   295.7    55.3       2
   287.1    56.8       2
   287.7    66.9       2
   296.7    53.7       2
   282.2    64.2       2
   291.7    65.6       2
   281.6    73.4       2
   311.0    56.2       2
   278.6    64.7       2
   288.0    65.7       2
   276.7    72.1       2
   292.0    62.0       2
   286.4    69.9       2
   292.7    65.7       2
   294.2    62.9       2
   278.6    59.6       2
   283.1    69.2       2
   284.1    66.0       2
   278.6    73.6       2
   291.1    60.4       2
   294.6    59.4       2
   274.3    70.5       2
   274.0    57.1       2
   283.8    62.7       2
   272.7    66.9       2
   303.2    58.3       2
   282.0    70.4       2
   281.9    61.0       2
   287.0    59.9       2
   293.5    63.8       2
   283.6    56.3       2
   296.9    55.3       2
   290.9    58.2       2
   303.0    58.1       2
   292.8    61.1       2
   281.1    65.0       2
   293.0    61.1       2
   284.0    66.5       2
   279.8    66.7       2
   292.9    65.4       2
   284.0    66.9       2
   282.0    64.5       2
   280.6    64.0       2
   287.7    63.4       2
   287.7    63.4       2
   298.3    59.5       2
   299.6    53.4       2
   291.3    62.5       2
   295.2    61.4       2
   288.0    62.4       2
   297.8    59.5       2
   286.0    62.6       2
   285.3    66.2       2
   286.9    63.4       2
   275.1    73.7       2
